8
0,6,14,3,21,19,21,11
6,0,17,10,17,23,26,8
14,17,0,11,11,27,6,10
3,10,11,0,18,14,14,1
21,17,11,18,0,1,19,18
19,23,27,14,1,0,19,11
21,26,6,14,19,19,0,13
11,8,10,1,18,11,13,0
2
4